100
74 76 7.5
18 78 1.38888888888889
60 78 1.66666666666667
1 2 2
12 13 2
36 88 67.5
42 43 1
21 99 1.875
66 97 0.5
16 34 2
33 80 3.4375
63 64 1
4 18 8.05555555555556
45 46 1
18 19 1
66 82 0.8
5 6 2
21 68 1.09375
10 26 11.1111111111111
16 94 1.2
9 71 13.125
52 94 1.6
94 97 1.4
24 44 14.4444444444444
92 93 2
16 52 0.1
21 80 2.8125
60 99 1.09375
41 42 2
87 88 2
3 4 1
83 84 2
27 28 2
78 79 2
3 80 3.90625
41 68 4.0625
10 97 5.55555555555556
72 82 2.8
81 82 2
34 66 1.9
62 63 1
23 24 1
36 47 0.9
51 52 2
24 25 2
36 82 0.4
98 99 2
72 73 1
59 60 2
16 97 0.5
72 94 0.2
3 33 2.8125
7 34 8.88888888888889
88 89 1
4 100 5.83333333333333
33 41 2.96875
100 1 1
47 97 1
76 77 1
29 30 1
60 100 3.88888888888889
33 68 0.3125
7 74 12.5
82 83 1
61 96 10.625
34 72 2.7
10 11 2
34 36 0.7
52 97 0.6
48 61 10.625
49 50 2
44 45 1
9 88 3.75
36 37 1
16 72 1.7
47 52 1.3
88 97 18.125
37 38 2
36 66 1.9
11 19 50
22 57 12.5
82 94 0.3
3 68 4.53125
48 49 1
71 88 11.875
48 71 72.5
60 96 0.625
70 71 1
71 97 15
90 91 2
31 32 2
48 60 15
26 27 1
33 60 3.28125
28 29 1
60 61 15.625
76 91 1.875
36 94 2.9
16 82 1.2
74 91 6.25
16 47 1.4
57 66 67.5
17 78 7.22222222222222
3 60 3.125
52 53 2
50 51 2
72 97 2.2
66 94 0.5
67 68 2
39 87 47.5
50 64 2.5
34 52 0.8
34 94 2.7
41 80 3.59375
21 41 1.5625
35 36 1
8 9 1
34 47 0.9
4 78 0.277777777777778
9 10 1
19 20 2
21 33 1.71875
73 74 1
99 100 2
47 48 2
75 76 1
74 75 1
50 57 11.875
95 96 2
13 14 1
1 92 11.1111111111111
8 33 72.5
34 97 2.7
46 47 2
17 60 6.94444444444444
41 60 3.90625
89 90 2
21 22 1
2 3 2
86 87 1
58 59 2
26 97 30
17 100 8.05555555555556
39 40 2
71 72 2
34 35 1
13 73 62.5
15 16 2
12 44 7.77777777777778
11 12 2
13 94 10
4 17 6.38888888888889
41 99 1.71875
65 66 1
21 60 2.5
9 97 2.5
80 99 0.3125
47 72 1
47 66 0.9
34 67 1.11111111111111
52 72 1.3
91 92 1
43 44 2
17 18 3.33333333333333
52 82 2.3
96 97 2
22 64 8.75
3 99 3.59375
12 24 3.33333333333333
21 71 40
85 86 2
84 85 2
61 62 2
68 69 2
40 41 2
52 66 0.3
57 58 2
22 23 1
47 82 1.3
79 80 2
36 72 0.9
6 7 2
33 99 2.1875
94 95 2
54 55 1
7 67 7.77777777777778
55 56 1
33 34 1
56 57 1
4 60 4.16666666666667
43 92 1.11111111111111
18 60 0.277777777777778
7 91 17.5
66 67 1
16 66 0.2
25 26 1
32 33 1
38 39 1
20 21 2
60 68 1.875
16 36 1.3
69 70 2
36 97 0.3
30 31 1
14 15 2
78 100 2.5
1 43 13.3333333333333
80 81 1
7 76 3.75
18 100 6.66666666666667
3 21 0.46875
4 5 2
22 50 0.625
36 52 2.4
16 17 1
53 54 2
7 8 2
3 41 2.5
93 94 2
48 96 15.625
57 64 8.75
64 65 1
47 94 1.9
97 98 1
34 82 0.6
77 78 2
66 72 2.3
68 99 0.625
68 80 1.71875
82 97 1.3
60 80 1.71875
