100
1 2 2
1 43 13.33333333
1 92 11.11111111
1 100 1
2 3 2
3 4 1
3 21 0.46875
3 33 2.8125
3 41 2.5
3 60 3.125
3 68 4.53125
3 80 3.90625
3 99 3.59375
4 5 2
4 17 6.388888889
4 18 8.055555556
4 60 4.166666667
4 78 0.2777777778
4 100 5.833333333
5 6 2
6 7 2
7 8 2
7 34 8.888888889
7 67 7.777777778
7 74 12.5
7 76 3.75
7 91 17.5
8 9 1
8 33 72.5
9 10 1
9 71 13.125
9 88 3.75
9 97 2.5
10 11 2
10 26 11.11111111
10 97 5.555555556
11 12 2
11 19 50
12 13 2
12 24 3.333333333
12 44 7.777777778
13 14 1
13 73 62.5
13 94 10
14 15 2
15 16 2
16 17 1
16 34 2
16 36 1.3
16 47 1.4
16 52 0.1
16 66 0.2
16 72 1.7
16 82 1.2
16 94 1.2
16 97 0.5
17 18 3.333333333
17 60 6.944444444
17 78 7.222222222
17 100 8.055555556
18 19 1
18 60 0.2777777778
18 78 1.388888889
18 100 6.666666667
19 20 2
20 21 2
21 22 1
21 33 1.71875
21 41 1.5625
21 60 2.5
21 68 1.09375
21 71 40
21 80 2.8125
21 99 1.875
22 23 1
22 50 0.625
22 57 12.5
22 64 8.75
23 24 1
24 25 2
24 44 14.44444444
25 26 1
26 27 1
26 97 30
27 28 2
28 29 1
29 30 1
30 31 1
31 32 2
32 33 1
33 34 1
33 41 2.96875
33 60 3.28125
33 68 0.3125
33 80 3.4375
33 99 2.1875
34 35 1
34 36 0.7
34 47 0.9
34 52 0.8
34 66 1.9
34 67 1.111111111
34 72 2.7
34 82 0.6
34 94 2.7
34 97 2.7
35 36 1
36 37 1
36 47 0.9
36 52 2.4
36 66 1.9
36 72 0.9
36 82 0.4
36 88 67.5
36 94 2.9
36 97 0.3
37 38 2
38 39 1
39 40 2
39 87 47.5
40 41 2
41 42 2
41 60 3.90625
41 68 4.0625
41 80 3.59375
41 99 1.71875
42 43 1
43 44 2
43 92 1.111111111
44 45 1
45 46 1
46 47 2
47 48 2
47 52 1.3
47 66 0.9
47 72 1
47 82 1.3
47 94 1.9
47 97 1
48 49 1
48 60 15
48 61 10.625
48 71 72.5
48 96 15.625
49 50 2
50 51 2
50 57 11.875
50 64 2.5
51 52 2
52 53 2
52 66 0.3
52 72 1.3
52 82 2.3
52 94 1.6
52 97 0.6
53 54 2
54 55 1
55 56 1
56 57 1
57 58 2
57 64 8.75
57 66 67.5
58 59 2
59 60 2
60 61 15.625
60 68 1.875
60 78 1.666666667
60 80 1.71875
60 96 0.625
60 99 1.09375
60 100 3.888888889
61 62 2
61 96 10.625
62 63 1
63 64 1
64 65 1
65 66 1
66 67 1
66 72 2.3
66 82 0.8
66 94 0.5
66 97 0.5
67 68 2
68 69 2
68 80 1.71875
68 99 0.625
69 70 2
70 71 1
71 72 2
71 88 11.875
71 97 15
72 73 1
72 82 2.8
72 94 0.2
72 97 2.2
73 74 1
74 75 1
74 76 7.5
74 91 6.25
75 76 1
76 77 1
76 91 1.875
77 78 2
78 79 2
78 100 2.5
79 80 2
80 81 1
80 99 0.3125
81 82 2
82 83 1
82 94 0.3
82 97 1.3
83 84 2
84 85 2
85 86 2
86 87 1
87 88 2
88 89 1
88 97 18.125
89 90 2
90 91 2
91 92 1
92 93 2
93 94 2
94 95 2
94 97 1.4
95 96 2
96 97 2
97 98 1
98 99 2
99 100 2
