100
1 2 1
1 100 2
2 3 1
2 4 3
2 17 5
2 32 10
2 38 3
2 51 14
2 53 1
2 56 6
2 71 3
2 87 17
3 4 1
3 25 15
3 50 13
4 5 1
4 6 14
4 17 17
4 28 5
4 32 18
4 38 5
4 42 15
4 43 2
4 50 12
4 51 7
4 53 13
4 56 4
4 57 3
4 60 19
4 71 3
4 87 13
4 89 16
4 93 10
5 6 1
6 7 1
6 32 12
6 89 5
7 8 1
8 9 1
9 10 1
10 11 1
11 12 1
12 13 1
12 54 11
13 14 1
13 38 7
13 59 3
13 94 19
14 15 2
15 16 1
15 18 13
15 22 2
15 95 12
16 17 1
16 43 4
16 83 7
17 18 1
17 32 16
17 38 17
17 51 1
17 53 15
17 56 16
17 71 10
17 87 17
18 19 1
18 22 12
18 95 17
19 20 2
20 21 2
21 22 2
21 26 11
21 39 6
21 78 4
22 23 2
22 39 17
22 95 4
22 98 19
23 24 2
24 25 2
25 26 2
25 32 5
25 43 5
25 50 18
25 54 11
25 57 2
25 93 8
26 27 1
26 78 18
27 28 2
28 29 1
28 42 4
28 43 1
28 50 11
28 57 3
28 60 17
28 93 13
29 30 2
29 48 4
30 31 1
31 32 1
32 33 2
32 38 3
32 43 5
32 51 15
32 53 14
32 54 2
32 56 9
32 57 11
32 71 17
32 87 5
32 89 5
32 93 4
33 34 1
34 35 2
35 36 2
35 81 17
35 85 3
35 88 15
35 94 16
36 37 2
36 82 19
37 38 2
37 79 13
38 39 1
38 51 3
38 53 16
38 56 9
38 59 8
38 71 12
38 87 17
38 94 14
39 40 2
39 98 13
40 41 1
40 60 14
41 42 2
42 43 5
42 50 14
42 57 16
42 60 16
42 93 13
43 44 1
43 50 17
43 54 5
43 57 6
43 60 12
43 83 3
43 93 12
44 45 2
45 46 2
46 47 2
47 48 2
48 49 2
49 50 2
50 51 2
50 57 4
50 60 14
50 93 18
51 52 2
51 53 2
51 56 5
51 71 1
51 87 3
52 53 2
53 54 1
53 56 3
53 71 6
53 87 7
54 55 2
54 57 1
54 93 11
55 56 2
56 57 2
56 71 4
56 87 2
57 58 1
57 60 2
57 93 18
58 59 1
59 60 2
59 94 19
60 61 1
60 93 8
61 62 1
62 63 2
63 64 1
64 65 1
65 66 2
66 67 1
67 68 1
68 69 1
69 70 1
70 71 1
71 72 2
71 87 11
72 73 2
73 74 1
74 75 1
74 98 19
75 76 1
76 77 2
77 78 2
78 79 2
79 80 2
80 81 2
81 82 2
82 83 1
83 84 2
84 85 2
85 86 1
85 88 5
85 94 15
86 87 2
87 88 1
87 99 12
88 89 1
88 94 14
89 90 1
90 91 1
91 92 2
92 93 1
93 94 2
94 95 1
95 96 2
96 97 1
97 98 2
98 99 2
99 100 2
